0101 一般侦探的一般房间 111 1
0102 一般侦探的一般房间 111 0
0103 一般侦探的一般房间 111 0
0104 一般侦探的一般房间 111 0
0105 一般侦探的一般房间 111 0
0106 一般侦探的一般房间 111 0
0201 一般侦探的一般房间 111 1
0202 一般侦探的一般房间 111 0
0203 一般侦探的一般房间 111 0
0204 一般侦探的一般房间 111 0
0205 一般侦探的一般房间 111 0
0206 一般侦探的一般房间 111 0
0301 一般侦探的一般房间 111 0
0302 一般侦探的一般房间 111 0
0303 一般侦探的一般房间 111 0
0304 一般侦探的一般房间 111 0
0305 一般侦探的一般房间 111 0
0306 一般侦探的一般房间 111 0
0401 一般侦探的一般房间 111 0
0402 一般侦探的一般房间 111 0
0403 一般侦探的一般房间 111 0
0404 一般侦探的一般房间 111 0
0405 一般侦探的一般房间 111 0
0406 一般侦探的一般房间 111 0
0501 一般侦探的一般房间 111 0
0502 一般侦探的一般房间 111 0
0503 一般侦探的一般房间 111 0
0504 一般侦探的一般房间 111 0
0505 一般侦探的一般房间 111 0
0506 一般侦探的一般房间 111 0
0601 一般侦探的一般房间 111 0
0602 一般侦探的一般房间 111 0
0603 一般侦探的一般房间 111 0
0604 一般侦探的一般房间 111 0
0605 一般侦探的一般房间 111 0
0606 一般侦探的一般房间 111 0
0701 一般侦探的温馨房间 233 0
0702 一般侦探的温馨房间 233 0
0703 一般侦探的温馨房间 233 0
0704 一般侦探的温馨房间 233 0
0705 一般侦探的温馨房间 233 0
0706 一般侦探的温馨房间 233 0
0801 一般侦探的温馨房间 233 0
0802 一般侦探的温馨房间 233 0
0803 一般侦探的温馨房间 233 0
0804 一般侦探的温馨房间 233 0
0805 一般侦探的温馨房间 233 0
0806 一般侦探的温馨房间 233 0
0901 一般侦探的温馨房间 233 0
0902 一般侦探的温馨房间 233 0
0903 一般侦探的温馨房间 233 0
0904 一般侦探的温馨房间 233 0
0905 一般侦探的温馨房间 233 0
0906 一般侦探的温馨房间 233 0
1001 一般侦探的温馨房间 233 0
1002 一般侦探的温馨房间 233 0
1003 一般侦探的温馨房间 233 0
1004 一般侦探的温馨房间 233 0
1005 一般侦探的温馨房间 233 0
1006 一般侦探的温馨房间 233 0
1101 高级侦探的高级房间 666 0
1102 高级侦探的高级房间 666 0
1103 高级侦探的高级房间 666 0
1104 高级侦探的高级房间 666 0
1105 高级侦探的高级房间 666 0
1106 高级侦探的高级房间 666 0
1201 高级侦探的高级房间 666 0
1202 高级侦探的高级房间 666 0
1203 高级侦探的高级房间 666 0
1204 高级侦探的高级房间 666 0
1205 高级侦探的高级房间 666 0
1206 高级侦探的高级房间 666 0
1301 高级侦探的高级房间 666 0
1302 高级侦探的高级房间 666 0
1303 高级侦探的高级房间 666 0
1304 高级侦探的高级房间 666 0
1305 高级侦探的高级房间 666 0
1306 高级侦探的高级房间 666 0
1401 高级侦探的高级房间 666 0
1402 高级侦探的高级房间 666 0
1403 高级侦探的高级房间 666 0
1404 高级侦探的高级房间 666 0
1405 高级侦探的高级房间 666 0
1406 高级侦探的高级房间 666 0
1501 高级侦探的高级房间 666 0
1502 高级侦探的高级房间 666 0
1503 高级侦探的高级房间 666 0
1504 高级侦探的高级房间 666 0
1505 高级侦探的高级房间 666 0
1506 高级侦探的高级房间 666 0
1601 名侦探专用总统套房 888 0
1602 名侦探专用总统套房 888 0
1603 名侦探专用总统套房 888 0
1604 名侦探专用总统套房 888 0
1605 名侦探专用总统套房 888 0
1606 名侦探专用总统套房 888 0
1701 名侦探专用总统套房 888 0
1702 名侦探专用总统套房 888 0
1703 名侦探专用总统套房 888 0
1704 名侦探专用总统套房 888 0
1705 名侦探专用总统套房 888 0
1706 名侦探专用总统套房 888 0
1801 名侦探专用总统套房 888 1
1802 名侦探专用总统套房 888 1
1803 名侦探专用总统套房 888 1
1804 名侦探专用总统套房 888 1
1805 名侦探专用总统套房 888 1
1806 名侦探专用总统套房 888 1
9999 明星大侦探玫瑰酒店 999 1